Marca actual
0 1 0 0 1 0 0 0 1 0 0 1 0 0 1 0 
E: 1 0 0 0 0 0 0 0 0 0 0 0 0 0 0 
B: 1 1 0 1 1 1 1 1 1 1 1 0 1 1 1 
Ext: 1 0 0 0 0 0 0 0 0 0 0 0 0 0 0 
Marca actual
1 0 0 0 1 0 0 0 1 1 0 1 0 1 1 0 
E: 0 1 0 0 0 0 0 0 1 0 0 0 0 0 0 
B: 1 1 0 1 1 1 1 1 1 1 1 0 1 1 1 
Ext: 0 1 0 0 0 0 0 0 1 0 0 0 0 0 0 
Marca actual
1 0 0 0 1 0 0 0 1 1 0 1 0 1 0 1 
E: 1 0 0 0 0 0 0 0 0 0 0 0 0 1 0 
B: 1 1 0 1 1 1 1 1 1 1 1 0 1 1 1 
Ext: 1 0 0 0 0 0 0 0 0 0 0 0 0 1 0 
Marca actual
1 0 0 0 1 0 0 0 1 1 0 1 1 0 0 0 
E: 1 0 0 0 0 0 0 0 0 0 0 0 0 0 1 
B: 1 1 0 1 1 1 1 1 1 1 1 0 1 1 1 
Ext: 1 0 0 0 0 0 0 0 0 0 0 0 0 0 1 
Marca actual
1 0 0 0 1 0 0 0 1 0 1 0 1 0 0 0 
E: 1 0 0 0 0 0 0 0 0 1 0 1 0 0 0 
B: 1 1 0 1 1 1 1 1 1 1 1 0 1 1 1 
Ext: 1 0 0 0 0 0 0 0 0 1 0 0 0 0 0 
Marca actual
1 0 0 0 1 0 0 0 1 0 0 1 1 0 0 0 
E: 1 0 0 0 0 0 0 0 0 0 1 1 0 0 0 
B: 1 1 0 1 1 1 1 1 1 1 1 0 1 1 1 
Ext: 1 0 0 0 0 0 0 0 0 0 1 0 0 0 0 
Marca actual
0 1 0 0 1 0 0 0 1 0 0 1 1 0 0 0 
E: 1 0 0 0 0 0 0 0 0 0 0 1 0 0 0 
B: 1 1 0 1 1 1 1 1 1 1 1 0 1 1 1 
Ext: 1 0 0 0 0 0 0 0 0 0 0 0 0 0 0 
Marca actual
1 0 0 0 1 0 0 0 1 1 0 1 1 1 0 0 
E: 0 1 0 0 0 0 0 0 1 0 0 1 0 0 0 
B: 1 1 0 1 1 1 1 1 1 1 1 0 1 1 1 
Ext: 0 1 0 0 0 0 0 0 1 0 0 0 0 0 0 
Marca actual
1 0 0 0 1 0 0 0 1 0 1 0 1 1 0 0 
E: 1 0 0 0 0 0 0 0 0 1 0 1 1 0 0 
B: 1 1 0 1 1 1 1 1 1 1 1 0 1 1 1 
Ext: 1 0 0 0 0 0 0 0 0 1 0 0 1 0 0 
Marca actual
1 0 0 0 1 0 0 0 1 0 0 1 1 1 0 0 
E: 1 0 0 0 0 0 0 0 0 0 1 1 1 0 0 
B: 1 1 0 1 1 1 1 1 1 1 1 0 1 1 1 
Ext: 1 0 0 0 0 0 0 0 0 0 1 0 1 0 0 
Marca actual
1 0 0 0 1 0 0 0 1 0 0 1 1 0 0 0 
E: 1 0 0 0 0 0 0 0 0 0 0 1 1 0 0 
B: 1 1 0 1 1 1 1 1 1 1 1 0 1 1 1 
Ext: 1 0 0 0 0 0 0 0 0 0 0 0 1 0 0 
Marca actual
0 1 0 0 1 0 0 0 1 0 0 1 1 0 0 0 
E: 1 0 0 0 0 0 0 0 0 0 0 1 0 0 0 
B: 1 1 0 1 1 1 1 1 1 1 1 0 1 1 1 
Ext: 1 0 0 0 0 0 0 0 0 0 0 0 0 0 0 
Marca actual
1 0 1 0 1 0 1 0 1 0 0 1 1 0 0 0 
E: 0 1 0 0 0 0 0 0 1 0 0 1 0 0 0 
B: 1 1 0 1 1 1 1 1 1 1 1 0 1 1 1 
Ext: 0 1 0 0 0 0 0 0 1 0 0 0 0 0 0 
Marca actual
1 0 1 0 1 0 1 1 0 0 0 1 1 0 0 0 
E: 1 0 0 1 0 0 0 0 0 0 0 1 0 0 0 
B: 1 1 0 1 1 1 1 1 1 1 1 0 1 1 1 
Ext: 1 0 0 1 0 0 0 0 0 0 0 0 0 0 0 
Marca actual
1 0 1 0 1 1 0 0 0 0 0 1 1 0 0 0 
E: 1 0 0 0 1 0 0 0 0 0 0 1 0 0 0 
B: 1 1 0 1 1 1 1 1 1 1 1 0 1 1 1 
Ext: 1 0 0 0 1 0 0 0 0 0 0 0 0 0 0 
Marca actual
1 0 0 1 0 1 0 0 0 0 0 1 1 0 0 0 
E: 1 0 1 0 0 0 1 0 0 0 0 1 0 0 0 
B: 1 1 0 1 1 1 1 1 1 1 1 0 1 1 1 
Ext: 1 0 0 0 0 0 1 0 0 0 0 0 0 0 0 
Marca actual
1 0 0 0 1 1 0 0 0 0 0 1 1 0 0 0 
E: 1 0 1 0 0 0 0 1 0 0 0 1 0 0 0 
B: 1 1 0 1 1 1 1 1 1 1 1 0 1 1 1 
Ext: 1 0 0 0 0 0 0 1 0 0 0 0 0 0 0 
Marca actual
0 1 0 0 1 1 0 0 0 0 0 1 1 0 0 0 
E: 1 0 1 0 0 0 0 0 0 0 0 1 0 0 0 
B: 1 1 0 1 1 1 1 1 1 1 1 0 1 1 1 
Ext: 1 0 0 0 0 0 0 0 0 0 0 0 0 0 0 
Marca actual
1 0 1 0 1 1 1 0 0 0 0 1 1 0 0 0 
E: 0 1 1 0 0 0 0 0 1 0 0 1 0 0 0 
B: 1 1 0 1 1 1 1 1 1 1 1 0 1 1 1 
Ext: 0 1 0 0 0 0 0 0 1 0 0 0 0 0 0 
Marca actual
1 0 1 0 1 1 0 0 0 0 0 1 1 0 0 0 
E: 1 0 1 0 0 1 1 0 0 0 0 1 0 0 0 
B: 1 1 0 1 1 1 1 1 1 1 1 0 1 1 1 
Ext: 1 0 0 0 0 1 1 0 0 0 0 0 0 0 0 
Marca actual
1 0 0 1 0 1 0 0 0 0 0 1 1 0 0 0 
E: 1 0 1 0 0 0 1 0 0 0 0 1 0 0 0 
B: 1 1 0 1 1 1 1 1 1 1 1 0 1 1 1 
Ext: 1 0 0 0 0 0 1 0 0 0 0 0 0 0 0 
Marca actual
1 0 0 0 1 1 0 0 0 0 0 1 1 0 0 0 
E: 1 0 1 0 0 0 0 1 0 0 0 1 0 0 0 
B: 1 1 0 1 1 1 1 1 1 1 1 0 1 1 1 
Ext: 1 0 0 0 0 0 0 1 0 0 0 0 0 0 0 
Marca actual
0 1 0 0 1 1 0 0 0 0 0 1 1 0 0 0 
E: 1 0 1 0 0 0 0 0 0 0 0 1 0 0 0 
B: 1 1 0 1 1 1 1 1 1 1 1 0 1 1 1 
Ext: 1 0 0 0 0 0 0 0 0 0 0 0 0 0 0 
Marca actual
1 0 1 0 1 1 1 0 0 0 0 1 1 0 0 0 
E: 0 1 1 0 0 0 0 0 1 0 0 1 0 0 0 
B: 1 1 0 1 1 1 1 1 1 1 1 0 1 1 1 
Ext: 0 1 0 0 0 0 0 0 1 0 0 0 0 0 0 
Marca actual
1 0 1 0 1 1 0 0 0 0 0 1 1 0 0 0 
E: 1 0 1 0 0 1 1 0 0 0 0 1 0 0 0 
B: 1 1 0 1 1 1 1 1 1 1 1 0 1 1 1 
Ext: 1 0 0 0 0 1 1 0 0 0 0 0 0 0 0 
Marca actual
1 0 0 1 0 1 0 0 0 0 0 1 1 0 0 0 
E: 1 0 1 0 0 0 1 0 0 0 0 1 0 0 0 
B: 1 1 0 1 1 1 1 1 1 1 1 0 1 1 1 
Ext: 1 0 0 0 0 0 1 0 0 0 0 0 0 0 0 
Marca actual
1 0 0 0 1 1 0 0 0 0 0 1 1 0 0 0 
E: 1 0 1 0 0 0 0 1 0 0 0 1 0 0 0 
B: 1 1 0 1 1 1 1 1 1 1 1 0 1 1 1 
Ext: 1 0 0 0 0 0 0 1 0 0 0 0 0 0 0 
Marca actual
0 1 0 0 1 1 0 0 0 0 0 1 1 0 0 0 
E: 1 0 1 0 0 0 0 0 0 0 0 1 0 0 0 
B: 1 1 0 1 1 1 1 1 1 1 1 0 1 1 1 
Ext: 1 0 0 0 0 0 0 0 0 0 0 0 0 0 0 
Marca actual
1 0 1 0 1 1 1 0 0 0 0 1 1 0 0 0 
E: 0 1 1 0 0 0 0 0 1 0 0 1 0 0 0 
B: 1 1 0 1 1 1 1 1 1 1 1 0 1 1 1 
Ext: 0 1 0 0 0 0 0 0 1 0 0 0 0 0 0 
Marca actual
1 0 1 0 1 1 0 0 0 0 0 1 1 0 0 0 
E: 1 0 1 0 0 1 1 0 0 0 0 1 0 0 0 
B: 1 1 0 1 1 1 1 1 1 1 1 0 1 1 1 
Ext: 1 0 0 0 0 1 1 0 0 0 0 0 0 0 0 
Marca actual
1 0 0 1 0 1 0 0 0 0 0 1 1 0 0 0 
E: 1 0 1 0 0 0 1 0 0 0 0 1 0 0 0 
B: 1 1 0 1 1 1 1 1 1 1 1 0 1 1 1 
Ext: 1 0 0 0 0 0 1 0 0 0 0 0 0 0 0 
Marca actual
1 0 0 0 1 1 0 0 0 0 0 1 1 0 0 0 
E: 1 0 1 0 0 0 0 1 0 0 0 1 0 0 0 
B: 1 1 0 1 1 1 1 1 1 1 1 0 1 1 1 
Ext: 1 0 0 0 0 0 0 1 0 0 0 0 0 0 0 
Marca actual
0 1 0 0 1 1 0 0 0 0 0 1 1 0 0 0 
E: 1 0 1 0 0 0 0 0 0 0 0 1 0 0 0 
B: 1 1 0 1 1 1 1 1 1 1 1 0 1 1 1 
Ext: 1 0 0 0 0 0 0 0 0 0 0 0 0 0 0 
Marca actual
1 0 1 0 1 1 1 0 0 0 0 1 1 0 0 0 
E: 0 1 1 0 0 0 0 0 1 0 0 1 0 0 0 
B: 1 1 0 1 1 1 1 1 1 1 1 0 1 1 1 
Ext: 0 1 0 0 0 0 0 0 1 0 0 0 0 0 0 
Marca actual
1 0 1 0 1 1 0 0 0 0 0 1 1 0 0 0 
E: 1 0 1 0 0 1 1 0 0 0 0 1 0 0 0 
B: 1 1 0 1 1 1 1 1 1 1 1 0 1 1 1 
Ext: 1 0 0 0 0 1 1 0 0 0 0 0 0 0 0 
Marca actual
1 0 0 1 0 1 0 0 0 0 0 1 1 0 0 0 
E: 1 0 1 0 0 0 1 0 0 0 0 1 0 0 0 
B: 1 1 0 1 1 1 1 1 1 1 1 0 1 1 1 
Ext: 1 0 0 0 0 0 1 0 0 0 0 0 0 0 0 
Marca actual
1 0 0 0 1 1 0 0 0 0 0 1 1 0 0 0 
E: 1 0 1 0 0 0 0 1 0 0 0 1 0 0 0 
B: 1 1 0 1 1 1 1 1 1 1 1 0 1 1 1 
Ext: 1 0 0 0 0 0 0 1 0 0 0 0 0 0 0 
Marca actual
0 1 0 0 1 1 0 0 0 0 0 1 1 0 0 0 
E: 1 0 1 0 0 0 0 0 0 0 0 1 0 0 0 
B: 1 1 0 1 1 1 1 1 1 1 1 0 1 1 1 
Ext: 1 0 0 0 0 0 0 0 0 0 0 0 0 0 0 
Marca actual
1 0 0 0 1 1 0 0 0 1 0 1 1 1 0 0 
E: 0 1 1 0 0 0 0 0 1 0 0 1 0 0 0 
B: 1 1 0 1 1 1 1 1 1 1 1 0 1 1 1 
Ext: 0 1 0 0 0 0 0 0 1 0 0 0 0 0 0 
Marca actual
1 0 0 0 1 1 0 0 0 0 1 0 1 1 0 0 
E: 1 0 1 0 0 0 0 0 0 1 0 1 1 0 0 
B: 1 1 0 1 1 1 1 1 1 1 1 0 1 1 1 
Ext: 1 0 0 0 0 0 0 0 0 1 0 0 1 0 0 
Marca actual
1 0 0 0 1 1 0 0 0 0 0 1 1 1 0 0 
E: 1 0 1 0 0 0 0 0 0 0 1 1 1 0 0 
B: 1 1 0 1 1 1 1 1 1 1 1 0 1 1 1 
Ext: 1 0 0 0 0 0 0 0 0 0 1 0 1 0 0 
Marca actual
1 0 0 0 1 1 0 0 0 0 0 1 1 0 0 0 
E: 1 0 1 0 0 0 0 0 0 0 0 1 1 0 0 
B: 1 1 0 1 1 1 1 1 1 1 1 0 1 1 1 
Ext: 1 0 0 0 0 0 0 0 0 0 0 0 1 0 0 
Marca actual
0 1 0 0 1 1 0 0 0 0 0 1 1 0 0 0 
E: 1 0 1 0 0 0 0 0 0 0 0 1 0 0 0 
B: 1 1 0 1 1 1 1 1 1 1 1 0 1 1 1 
Ext: 1 0 0 0 0 0 0 0 0 0 0 0 0 0 0 
Marca actual
1 0 0 0 1 1 0 0 0 1 0 1 1 1 0 0 
E: 0 1 1 0 0 0 0 0 1 0 0 1 0 0 0 
B: 1 1 0 1 1 1 1 1 1 1 1 0 1 1 1 
Ext: 0 1 0 0 0 0 0 0 1 0 0 0 0 0 0 
Marca actual
1 0 0 0 1 1 0 0 0 0 1 0 1 1 0 0 
E: 1 0 1 0 0 0 0 0 0 1 0 1 1 0 0 
B: 1 1 0 1 1 1 1 1 1 1 1 0 1 1 1 
Ext: 1 0 0 0 0 0 0 0 0 1 0 0 1 0 0 
Marca actual
1 0 0 0 1 1 0 0 0 0 0 1 1 1 0 0 
E: 1 0 1 0 0 0 0 0 0 0 1 1 1 0 0 
B: 1 1 0 1 1 1 1 1 1 1 1 0 1 1 1 
Ext: 1 0 0 0 0 0 0 0 0 0 1 0 1 0 0 
Marca actual
1 0 0 0 1 1 0 0 0 0 0 1 1 0 0 0 
E: 1 0 1 0 0 0 0 0 0 0 0 1 1 0 0 
B: 1 1 0 1 1 1 1 1 1 1 1 0 1 1 1 
Ext: 1 0 0 0 0 0 0 0 0 0 0 0 1 0 0 
Marca actual
0 1 0 0 1 1 0 0 0 0 0 1 1 0 0 0 
E: 1 0 1 0 0 0 0 0 0 0 0 1 0 0 0 
B: 1 1 0 1 1 1 1 1 1 1 1 0 1 1 1 
Ext: 1 0 0 0 0 0 0 0 0 0 0 0 0 0 0 
Marca actual
1 0 1 0 1 1 1 0 0 0 0 1 1 0 0 0 
E: 0 1 1 0 0 0 0 0 1 0 0 1 0 0 0 
B: 1 1 0 1 1 1 1 1 1 1 1 0 1 1 1 
Ext: 0 1 0 0 0 0 0 0 1 0 0 0 0 0 0 
Marca actual
1 0 1 0 1 1 0 0 0 0 0 1 1 0 0 0 
E: 1 0 1 0 0 1 1 0 0 0 0 1 0 0 0 
B: 1 1 0 1 1 1 1 1 1 1 1 0 1 1 1 
Ext: 1 0 0 0 0 1 1 0 0 0 0 0 0 0 0 
Marca actual
1 0 0 1 0 1 0 0 0 0 0 1 1 0 0 0 
E: 1 0 1 0 0 0 1 0 0 0 0 1 0 0 0 
B: 1 1 0 1 1 1 1 1 1 1 1 0 1 1 1 
Ext: 1 0 0 0 0 0 1 0 0 0 0 0 0 0 0 
Marca actual
1 0 0 0 1 1 0 0 0 0 0 1 1 0 0 0 
E: 1 0 1 0 0 0 0 1 0 0 0 1 0 0 0 
B: 1 1 0 1 1 1 1 1 1 1 1 0 1 1 1 
Ext: 1 0 0 0 0 0 0 1 0 0 0 0 0 0 0 
Marca actual
0 1 0 0 1 1 0 0 0 0 0 1 1 0 0 0 
E: 1 0 1 0 0 0 0 0 0 0 0 1 0 0 0 
B: 1 1 0 1 1 1 1 1 1 1 1 0 1 1 1 
Ext: 1 0 0 0 0 0 0 0 0 0 0 0 0 0 0 
Marca actual
1 0 0 0 1 1 0 0 0 1 0 1 1 1 0 0 
E: 0 1 1 0 0 0 0 0 1 0 0 1 0 0 0 
B: 1 1 0 1 1 1 1 1 1 1 1 0 1 1 1 
Ext: 0 1 0 0 0 0 0 0 1 0 0 0 0 0 0 
Marca actual
1 0 0 0 1 1 0 0 0 0 1 0 1 1 0 0 
E: 1 0 1 0 0 0 0 0 0 1 0 1 1 0 0 
B: 1 1 0 1 1 1 1 1 1 1 1 0 1 1 1 
Ext: 1 0 0 0 0 0 0 0 0 1 0 0 1 0 0 
Marca actual
1 0 0 0 1 1 0 0 0 0 0 1 1 1 0 0 
E: 1 0 1 0 0 0 0 0 0 0 1 1 1 0 0 
B: 1 1 0 1 1 1 1 1 1 1 1 0 1 1 1 
Ext: 1 0 0 0 0 0 0 0 0 0 1 0 1 0 0 
Marca actual
1 0 0 0 1 1 0 0 0 0 0 1 1 0 0 0 
E: 1 0 1 0 0 0 0 0 0 0 0 1 1 0 0 
B: 1 1 0 1 1 1 1 1 1 1 1 0 1 1 1 
Ext: 1 0 0 0 0 0 0 0 0 0 0 0 1 0 0 
Marca actual
0 1 0 0 1 1 0 0 0 0 0 1 1 0 0 0 
E: 1 0 1 0 0 0 0 0 0 0 0 1 0 0 0 
B: 1 1 0 1 1 1 1 1 1 1 1 0 1 1 1 
Ext: 1 0 0 0 0 0 0 0 0 0 0 0 0 0 0 
Marca actual
1 0 1 0 1 1 1 0 0 0 0 1 1 0 0 0 
E: 0 1 1 0 0 0 0 0 1 0 0 1 0 0 0 
B: 1 1 0 1 1 1 1 1 1 1 1 0 1 1 1 
Ext: 0 1 0 0 0 0 0 0 1 0 0 0 0 0 0 
Marca actual
1 0 1 0 1 1 0 0 0 0 0 1 1 0 0 0 
E: 1 0 1 0 0 1 1 0 0 0 0 1 0 0 0 
B: 1 1 0 1 1 1 1 1 1 1 1 0 1 1 1 
Ext: 1 0 0 0 0 1 1 0 0 0 0 0 0 0 0 
Marca actual
1 0 0 1 0 1 0 0 0 0 0 1 1 0 0 0 
E: 1 0 1 0 0 0 1 0 0 0 0 1 0 0 0 
B: 1 1 0 1 1 1 1 1 1 1 1 0 1 1 1 
Ext: 1 0 0 0 0 0 1 0 0 0 0 0 0 0 0 
Marca actual
1 0 0 0 1 1 0 0 0 0 0 1 1 0 0 0 
E: 1 0 1 0 0 0 0 1 0 0 0 1 0 0 0 
B: 1 1 0 1 1 1 1 1 1 1 1 0 1 1 1 
Ext: 1 0 0 0 0 0 0 1 0 0 0 0 0 0 0 
Marca actual
0 1 0 0 1 1 0 0 0 0 0 1 1 0 0 0 
E: 1 0 1 0 0 0 0 0 0 0 0 1 0 0 0 
B: 1 1 0 1 1 1 1 1 1 1 1 0 1 1 1 
Ext: 1 0 0 0 0 0 0 0 0 0 0 0 0 0 0 
Marca actual
1 0 1 0 1 1 1 0 0 0 0 1 1 0 0 0 
E: 0 1 1 0 0 0 0 0 1 0 0 1 0 0 0 
B: 1 1 0 1 1 1 1 1 1 1 1 0 1 1 1 
Ext: 0 1 0 0 0 0 0 0 1 0 0 0 0 0 0 
Marca actual
1 0 1 0 1 1 0 0 0 0 0 1 1 0 0 0 
E: 1 0 1 0 0 1 1 0 0 0 0 1 0 0 0 
B: 1 1 0 1 1 1 1 1 1 1 1 0 1 1 1 
Ext: 1 0 0 0 0 1 1 0 0 0 0 0 0 0 0 
Marca actual
1 0 0 1 0 1 0 0 0 0 0 1 1 0 0 0 
E: 1 0 1 0 0 0 1 0 0 0 0 1 0 0 0 
B: 1 1 0 1 1 1 1 1 1 1 1 0 1 1 1 
Ext: 1 0 0 0 0 0 1 0 0 0 0 0 0 0 0 
