P0
0
1
0
0
0
0
0
0
1
0
0
0
0
0
0
P01
1
0
0
0
0
0
0
0
0
0
0
0
0
0
0
P02
0
1
0
0
0
0
0
0
0
0
0
0
0
0
0
P03
0
0
0
0
0
0
1
0
0
0
0
0
0
0
0
P04
0
0
0
0
0
0
0
1
0
0
0
0
0
0
0
P05
0
0
0
0
1
1
1
0
0
0
0
0
0
0
0
P06
0
1
0
1
0
0
0
0
0
0
0
0
0
0
0
P07
0
0
0
1
0
0
0
0
0
0
0
0
0
0
0
P08
0
0
1
0
0
0
0
0
0
0
0
0
0
0
0
P09
0
0
0
0
0
0
0
0
1
0
0
0
0
0
0
P10
0
0
0
0
0
0
0
0
0
1
0
0
0
0
0
P11
0
0
0
0
0
0
0
0
0
0
1
0
0
0
0
P12
0
0
0
0
0
0
0
0
0
1
0
0
1
0
1
P13
0
0
0
0
0
0
0
0
1
0
0
0
0
1
0
P14
0
0
0
0
0
0
0
0
0
0
0
1
0
0
0
P15
0
0
0
0
0
0
0
0
0
0
0
0
0
1
0