P0
1
0
0
0
0
0
0
0
0
0
0
0
0
1
0
P1
0
1
0
0
0
0
0
0
0
0
0
0
0
0
0
P10
0
0
0
0
0
0
0
0
0
0
0
0
0
0
1
P11
0
0
1
0
0
0
0
0
0
0
0
0
0
0
0
P12
0
0
0
0
1
0
1
0
0
0
0
0
0
0
1
P13
0
0
0
0
0
1
0
0
0
0
0
0
0
1
0
P14
0
0
0
1
0
0
0
0
0
0
0
0
0
0
0
P15
0
0
0
0
0
1
0
0
0
0
0
0
0
0
0
P2
1
0
0
0
0
0
0
0
0
0
0
0
0
0
0
P3
0
0
0
0
0
0
0
0
0
0
0
1
0
0
0
P4
0
0
0
0
0
0
0
0
0
0
0
0
1
0
0
P5
0
0
0
0
0
0
0
0
0
1
1
1
0
0
0
P6
1
0
0
0
0
0
0
0
1
0
0
0
0
0
0
P7
0
0
0
0
0
0
0
0
1
0
0
0
0
0
0
P8
0
0
0
0
0
0
0
1
0
0
0
0
0
0
0
P9
0
0
0
0
0
0
0
0
0
0
0
0
0
1
0